-1	-1	-1	-1 -1.96
-1	-1	-1	0 -1.02
-1	-1	-1	1 -0.05
-1	-1	0	-1 -0.30
-1	-1	0	0 1.23
-1	-1	0	1 1.95
-1	-1	1	-1 1.87
-1	-1	1	0 2.66
-1	-1	1	1 3.84
-1	0	-1	-1 -0.97
-1	0	-1	0 -0.07
-1	0	-1	1 0.74
-1	0	0	-1 -0.03
-1	0	0	0 1.10
-1	0	0	1 1.91
-1	0	1	-1 0.95
-1	0	1	0 2.15
-1	0	1	1 3.06
-1	1	-1	-1 -0.05
-1	1	-1	0 1.08
-1	1	-1	1 1.84
-1	1	0	-1 0.11
-1	1	0	0 0.96
-1	1	0	1 2.00
-1	1	1	-1 -0.09
-1	1	1	0 1.06
-1	1	1	1 1.78
0	-1	-1	-1 -4.01
0	-1	-1	0 -4.00
0	-1	-1	1 -3.65
0	-1	0	-1 -2.04
0	-1	0	0 -1.85
0	-1	0	1 -2.20
0	-1	1	-1 -0.06
0	-1	1	0 0.23
0	-1	1	1 0.02
0	0	-1	-1 -3.09
0	0	-1	0 -2.92
0	0	-1	1 -2.85
0	0	0	-1 -1.91
0	0	0	0 -1.93
0	0	0	1 -1.98
0	0	1	-1 -1.09
0	0	1	0 -0.96
0	0	1	1 -1.03
0	1	-1	-1 -1.94
0	1	-1	0 -2.00
0	1	-1	1 -1.96
0	1	0	-1 -2.05
0	1	0	0 -2.07
0	1	0	1 -1.78
0	1	1	-1 -1.96
0	1	1	0 -1.98
0	1	1	1 -2.06
1	-1	-1	-1 0.04
1	-1	-1	0 -0.92
1	-1	-1	1 -1.88
1	-1	0	-1 1.90
1	-1	0	0 0.88
1	-1	0	1 0.05
1	-1	1	-1 4.06
1	-1	1	0 3.15
1	-1	1	1 2.32
1	0	-1	-1 0.92
1	0	-1	0 0.27
1	0	-1	1 -0.76
1	0	0	-1 2.19
1	0	0	0 0.94
1	0	0	1 -0.15
1	0	1	-1 3.02
1	0	1	0 2.15
1	0	1	1 1.26
1	1	-1	-1 2.01
1	1	-1	0 1.07
1	1	-1	1 0.19
1	1	0	-1 2.26
1	1	0	0 0.96
1	1	0	1 -0.13
1	1	1	-1 2.06
1	1	1	0 1.13
1	1	1	1 -0.18
0	0	0	0 -1.91
0	0	0	0 -1.80
0	0	0	0 -1.97
0	0	0	0 -2.02
0	0	0	0 -2.09
0	0	0	0 -1.97
